
     Solving sample problem.
      (f = 0.0 at the optimal solution.)

 STOP: CPU EXCEEDING THE TIME LIMIT.
 Latest iterate X =
   3.0000D+00  3.0000D+00  3.0000D+00  3.0000D+00  3.0000D+00  3.0000D+00
   3.0000D+00  3.0000D+00  3.0000D+00  3.0000D+00  3.0000D+00  3.0000D+00
   3.0000D+00  3.0000D+00  3.0000D+00  3.0000D+00  3.0000D+00  3.0000D+00
   3.0000D+00  3.0000D+00  3.0000D+00  3.0000D+00  3.0000D+00  3.0000D+00
   3.0000D+00  3.0000D+00  3.0000D+00  3.0000D+00  3.0000D+00  3.0000D+00
   3.0000D+00  3.0000D+00  3.0000D+00  3.0000D+00  3.0000D+00  3.0000D+00
   3.0000D+00  3.0000D+00  3.0000D+00  3.0000D+00  3.0000D+00  3.0000D+00
   3.0000D+00  3.0000D+00  3.0000D+00  3.0000D+00  3.0000D+00  3.0000D+00
   3.0000D+00  3.0000D+00  3.0000D+00  3.0000D+00  3.0000D+00  3.0000D+00
   3.0000D+00  3.0000D+00  3.0000D+00  3.0000D+00  3.0000D+00  3.0000D+00
   3.0000D+00  3.0000D+00  3.0000D+00  3.0000D+00  3.0000D+00  3.0000D+00
   3.0000D+00  3.0000D+00  3.0000D+00  3.0000D+00  3.0000D+00  3.0000D+00
   3.0000D+00  3.0000D+00  3.0000D+00  3.0000D+00  3.0000D+00  3.0000D+00
   3.0000D+00  3.0000D+00  3.0000D+00  3.0000D+00  3.0000D+00  3.0000D+00
   3.0000D+00  3.0000D+00  3.0000D+00  3.0000D+00  3.0000D+00  3.0000D+00
   3.0000D+00  3.0000D+00  3.0000D+00  3.0000D+00  3.0000D+00  3.0000D+00
   3.0000D+00  3.0000D+00  3.0000D+00  3.0000D+00  3.0000D+00  3.0000D+00
   3.0000D+00  3.0000D+00  3.0000D+00  3.0000D+00  3.0000D+00  3.0000D+00
   3.0000D+00  3.0000D+00  3.0000D+00  3.0000D+00  3.0000D+00  3.0000D+00
   3.0000D+00  3.0000D+00  3.0000D+00  3.0000D+00  3.0000D+00  3.0000D+00
   3.0000D+00  3.0000D+00  3.0000D+00  3.0000D+00  3.0000D+00  3.0000D+00
   3.0000D+00  3.0000D+00  3.0000D+00  3.0000D+00  3.0000D+00  3.0000D+00
   3.0000D+00  3.0000D+00  3.0000D+00  3.0000D+00  3.0000D+00  3.0000D+00
   3.0000D+00  3.0000D+00  3.0000D+00  3.0000D+00  3.0000D+00  3.0000D+00
   3.0000D+00  3.0000D+00  3.0000D+00  3.0000D+00  3.0000D+00  3.0000D+00
   3.0000D+00  3.0000D+00  3.0000D+00  3.0000D+00  3.0000D+00  3.0000D+00
   3.0000D+00  3.0000D+00  3.0000D+00  3.0000D+00  3.0000D+00  3.0000D+00
   3.0000D+00  3.0000D+00  3.0000D+00  3.0000D+00  3.0000D+00  3.0000D+00
   3.0000D+00  3.0000D+00  3.0000D+00  3.0000D+00  3.0000D+00  3.0000D+00
   3.0000D+00  3.0000D+00  3.0000D+00  3.0000D+00  3.0000D+00  3.0000D+00
   3.0000D+00  3.0000D+00  3.0000D+00  3.0000D+00  3.0000D+00  3.0000D+00
   3.0000D+00  3.0000D+00  3.0000D+00  3.0000D+00  3.0000D+00  3.0000D+00
   3.0000D+00  3.0000D+00  3.0000D+00  3.0000D+00  3.0000D+00  3.0000D+00
   3.0000D+00  3.0000D+00  3.0000D+00  3.0000D+00  3.0000D+00  3.0000D+00
   3.0000D+00  3.0000D+00  3.0000D+00  3.0000D+00  3.0000D+00  3.0000D+00
   3.0000D+00  3.0000D+00  3.0000D+00  3.0000D+00  3.0000D+00  3.0000D+00
   3.0000D+00  3.0000D+00  3.0000D+00  3.0000D+00  3.0000D+00  3.0000D+00
   3.0000D+00  3.0000D+00  3.0000D+00  3.0000D+00  3.0000D+00  3.0000D+00
   3.0000D+00  3.0000D+00  3.0000D+00  3.0000D+00  3.0000D+00  3.0000D+00
   3.0000D+00  3.0000D+00  3.0000D+00  3.0000D+00  3.0000D+00  3.0000D+00
   3.0000D+00  3.0000D+00  3.0000D+00  3.0000D+00  3.0000D+00  3.0000D+00
   3.0000D+00  3.0000D+00  3.0000D+00  3.0000D+00  3.0000D+00  3.0000D+00
   3.0000D+00  3.0000D+00  3.0000D+00  3.0000D+00  3.0000D+00  3.0000D+00
   3.0000D+00  3.0000D+00  3.0000D+00  3.0000D+00  3.0000D+00  3.0000D+00
   3.0000D+00  3.0000D+00  3.0000D+00  3.0000D+00  3.0000D+00  3.0000D+00
   3.0000D+00  3.0000D+00  3.0000D+00  3.0000D+00  3.0000D+00  3.0000D+00
   3.0000D+00  3.0000D+00  3.0000D+00  3.0000D+00  3.0000D+00  3.0000D+00
   3.0000D+00  3.0000D+00  3.0000D+00  3.0000D+00  3.0000D+00  3.0000D+00
   3.0000D+00  3.0000D+00  3.0000D+00  3.0000D+00  3.0000D+00  3.0000D+00
   3.0000D+00  3.0000D+00  3.0000D+00  3.0000D+00  3.0000D+00  3.0000D+00
   3.0000D+00  3.0000D+00  3.0000D+00  3.0000D+00  3.0000D+00  3.0000D+00
   3.0000D+00  3.0000D+00  3.0000D+00  3.0000D+00  3.0000D+00  3.0000D+00
   3.0000D+00  3.0000D+00  3.0000D+00  3.0000D+00  3.0000D+00  3.0000D+00
   3.0000D+00  3.0000D+00  3.0000D+00  3.0000D+00  3.0000D+00  3.0000D+00
   3.0000D+00  3.0000D+00  3.0000D+00  3.0000D+00  3.0000D+00  3.0000D+00
   3.0000D+00  3.0000D+00  3.0000D+00  3.0000D+00  3.0000D+00  3.0000D+00
   3.0000D+00  3.0000D+00  3.0000D+00  3.0000D+00  3.0000D+00  3.0000D+00
   3.0000D+00  3.0000D+00  3.0000D+00  3.0000D+00  3.0000D+00  3.0000D+00
   3.0000D+00  3.0000D+00  3.0000D+00  3.0000D+00  3.0000D+00  3.0000D+00
   3.0000D+00  3.0000D+00  3.0000D+00  3.0000D+00  3.0000D+00  3.0000D+00
   3.0000D+00  3.0000D+00  3.0000D+00  3.0000D+00  3.0000D+00  3.0000D+00
   3.0000D+00  3.0000D+00  3.0000D+00  3.0000D+00  3.0000D+00  3.0000D+00
   3.0000D+00  3.0000D+00  3.0000D+00  3.0000D+00  3.0000D+00  3.0000D+00
   3.0000D+00  3.0000D+00  3.0000D+00  3.0000D+00  3.0000D+00  3.0000D+00
   3.0000D+00  3.0000D+00  3.0000D+00  3.0000D+00  3.0000D+00  3.0000D+00
   3.0000D+00  3.0000D+00  3.0000D+00  3.0000D+00  3.0000D+00  3.0000D+00
   3.0000D+00  3.0000D+00  3.0000D+00  3.0000D+00  3.0000D+00  3.0000D+00
   3.0000D+00  3.0000D+00  3.0000D+00  3.0000D+00  3.0000D+00  3.0000D+00
   3.0000D+00  3.0000D+00  3.0000D+00  3.0000D+00  3.0000D+00  3.0000D+00
   3.0000D+00  3.0000D+00  3.0000D+00  3.0000D+00  3.0000D+00  3.0000D+00
   3.0000D+00  3.0000D+00  3.0000D+00  3.0000D+00  3.0000D+00  3.0000D+00
   3.0000D+00  3.0000D+00  3.0000D+00  3.0000D+00  3.0000D+00  3.0000D+00
   3.0000D+00  3.0000D+00  3.0000D+00  3.0000D+00  3.0000D+00  3.0000D+00
   3.0000D+00  3.0000D+00  3.0000D+00  3.0000D+00  3.0000D+00  3.0000D+00
   3.0000D+00  3.0000D+00  3.0000D+00  3.0000D+00  3.0000D+00  3.0000D+00
   3.0000D+00  3.0000D+00  3.0000D+00  3.0000D+00  3.0000D+00  3.0000D+00
   3.0000D+00  3.0000D+00  3.0000D+00  3.0000D+00  3.0000D+00  3.0000D+00
   3.0000D+00  3.0000D+00  3.0000D+00  3.0000D+00  3.0000D+00  3.0000D+00
   3.0000D+00  3.0000D+00  3.0000D+00  3.0000D+00  3.0000D+00  3.0000D+00
   3.0000D+00  3.0000D+00  3.0000D+00  3.0000D+00  3.0000D+00  3.0000D+00
   3.0000D+00  3.0000D+00  3.0000D+00  3.0000D+00  3.0000D+00  3.0000D+00
   3.0000D+00  3.0000D+00  3.0000D+00  3.0000D+00  3.0000D+00  3.0000D+00
   3.0000D+00  3.0000D+00  3.0000D+00  3.0000D+00  3.0000D+00  3.0000D+00
   3.0000D+00  3.0000D+00  3.0000D+00  3.0000D+00  3.0000D+00  3.0000D+00
   3.0000D+00  3.0000D+00  3.0000D+00  3.0000D+00  3.0000D+00  3.0000D+00
   3.0000D+00  3.0000D+00  3.0000D+00  3.0000D+00  3.0000D+00  3.0000D+00
   3.0000D+00  3.0000D+00  3.0000D+00  3.0000D+00  3.0000D+00  3.0000D+00
   3.0000D+00  3.0000D+00  3.0000D+00  3.0000D+00  3.0000D+00  3.0000D+00
   3.0000D+00  3.0000D+00  3.0000D+00  3.0000D+00  3.0000D+00  3.0000D+00
   3.0000D+00  3.0000D+00  3.0000D+00  3.0000D+00  3.0000D+00  3.0000D+00
   3.0000D+00  3.0000D+00  3.0000D+00  3.0000D+00  3.0000D+00  3.0000D+00
   3.0000D+00  3.0000D+00  3.0000D+00  3.0000D+00  3.0000D+00  3.0000D+00
   3.0000D+00  3.0000D+00  3.0000D+00  3.0000D+00  3.0000D+00  3.0000D+00
   3.0000D+00  3.0000D+00  3.0000D+00  3.0000D+00  3.0000D+00  3.0000D+00
   3.0000D+00  3.0000D+00  3.0000D+00  3.0000D+00  3.0000D+00  3.0000D+00
   3.0000D+00  3.0000D+00  3.0000D+00  3.0000D+00  3.0000D+00  3.0000D+00
   3.0000D+00  3.0000D+00  3.0000D+00  3.0000D+00  3.0000D+00  3.0000D+00
   3.0000D+00  3.0000D+00  3.0000D+00  3.0000D+00  3.0000D+00  3.0000D+00
   3.0000D+00  3.0000D+00  3.0000D+00  3.0000D+00  3.0000D+00  3.0000D+00
   3.0000D+00  3.0000D+00  3.0000D+00  3.0000D+00  3.0000D+00  3.0000D+00
   3.0000D+00  3.0000D+00  3.0000D+00  3.0000D+00  3.0000D+00  3.0000D+00
   3.0000D+00  3.0000D+00  3.0000D+00  3.0000D+00  3.0000D+00  3.0000D+00
   3.0000D+00  3.0000D+00  3.0000D+00  3.0000D+00  3.0000D+00  3.0000D+00
   3.0000D+00  3.0000D+00  3.0000D+00  3.0000D+00  3.0000D+00  3.0000D+00
   3.0000D+00  3.0000D+00  3.0000D+00  3.0000D+00  3.0000D+00  3.0000D+00
   3.0000D+00  3.0000D+00  3.0000D+00  3.0000D+00  3.0000D+00  3.0000D+00
   3.0000D+00  3.0000D+00  3.0000D+00  3.0000D+00  3.0000D+00  3.0000D+00
   3.0000D+00  3.0000D+00  3.0000D+00  3.0000D+00  3.0000D+00  3.0000D+00
   3.0000D+00  3.0000D+00  3.0000D+00  3.0000D+00  3.0000D+00  3.0000D+00
   3.0000D+00  3.0000D+00  3.0000D+00  3.0000D+00  3.0000D+00  3.0000D+00
   3.0000D+00  3.0000D+00  3.0000D+00  3.0000D+00  3.0000D+00  3.0000D+00
   3.0000D+00  3.0000D+00  3.0000D+00  3.0000D+00  3.0000D+00  3.0000D+00
   3.0000D+00  3.0000D+00  3.0000D+00  3.0000D+00  3.0000D+00  3.0000D+00
   3.0000D+00  3.0000D+00  3.0000D+00  3.0000D+00  3.0000D+00  3.0000D+00
   3.0000D+00  3.0000D+00  3.0000D+00  3.0000D+00  3.0000D+00  3.0000D+00
   3.0000D+00  3.0000D+00  3.0000D+00  3.0000D+00  3.0000D+00  3.0000D+00
   3.0000D+00  3.0000D+00  3.0000D+00  3.0000D+00  3.0000D+00  3.0000D+00
   3.0000D+00  3.0000D+00  3.0000D+00  3.0000D+00  3.0000D+00  3.0000D+00
   3.0000D+00  3.0000D+00  3.0000D+00  3.0000D+00  3.0000D+00  3.0000D+00
   3.0000D+00  3.0000D+00  3.0000D+00  3.0000D+00  3.0000D+00  3.0000D+00
   3.0000D+00  3.0000D+00  3.0000D+00  3.0000D+00  3.0000D+00  3.0000D+00
   3.0000D+00  3.0000D+00  3.0000D+00  3.0000D+00  3.0000D+00  3.0000D+00
   3.0000D+00  3.0000D+00  3.0000D+00  3.0000D+00  3.0000D+00  3.0000D+00
   3.0000D+00  3.0000D+00  3.0000D+00  3.0000D+00  3.0000D+00  3.0000D+00
   3.0000D+00  3.0000D+00  3.0000D+00  3.0000D+00  3.0000D+00  3.0000D+00
   3.0000D+00  3.0000D+00  3.0000D+00  3.0000D+00  3.0000D+00  3.0000D+00
   3.0000D+00  3.0000D+00  3.0000D+00  3.0000D+00  3.0000D+00  3.0000D+00
   3.0000D+00  3.0000D+00  3.0000D+00  3.0000D+00  3.0000D+00  3.0000D+00
   3.0000D+00  3.0000D+00  3.0000D+00  3.0000D+00  3.0000D+00  3.0000D+00
   3.0000D+00  3.0000D+00  3.0000D+00  3.0000D+00  3.0000D+00  3.0000D+00
   3.0000D+00  3.0000D+00  3.0000D+00  3.0000D+00  3.0000D+00  3.0000D+00
   3.0000D+00  3.0000D+00  3.0000D+00  3.0000D+00  3.0000D+00  3.0000D+00
   3.0000D+00  3.0000D+00  3.0000D+00  3.0000D+00  3.0000D+00  3.0000D+00
   3.0000D+00  3.0000D+00  3.0000D+00  3.0000D+00  3.0000D+00  3.0000D+00
   3.0000D+00  3.0000D+00  3.0000D+00  3.0000D+00  3.0000D+00  3.0000D+00
   3.0000D+00  3.0000D+00  3.0000D+00  3.0000D+00  3.0000D+00  3.0000D+00
   3.0000D+00  3.0000D+00  3.0000D+00  3.0000D+00  3.0000D+00  3.0000D+00
   3.0000D+00  3.0000D+00  3.0000D+00  3.0000D+00  3.0000D+00  3.0000D+00
   3.0000D+00  3.0000D+00  3.0000D+00  3.0000D+00  3.0000D+00  3.0000D+00
   3.0000D+00  3.0000D+00  3.0000D+00  3.0000D+00  3.0000D+00  3.0000D+00
   3.0000D+00  3.0000D+00  3.0000D+00  3.0000D+00  3.0000D+00  3.0000D+00
   3.0000D+00  3.0000D+00  3.0000D+00  3.0000D+00  3.0000D+00  3.0000D+00
   3.0000D+00  3.0000D+00  3.0000D+00  3.0000D+00  3.0000D+00  3.0000D+00
   3.0000D+00  3.0000D+00  3.0000D+00  3.0000D+00  3.0000D+00  3.0000D+00
   3.0000D+00  3.0000D+00  3.0000D+00  3.0000D+00  3.0000D+00  3.0000D+00
   3.0000D+00  3.0000D+00  3.0000D+00  3.0000D+00  3.0000D+00  3.0000D+00
   3.0000D+00  3.0000D+00  3.0000D+00  3.0000D+00  3.0000D+00  3.0000D+00
   3.0000D+00  3.0000D+00  3.0000D+00  3.0000D+00  3.0000D+00  3.0000D+00
   3.0000D+00  3.0000D+00  3.0000D+00  3.0000D+00  3.0000D+00  3.0000D+00
   3.0000D+00  3.0000D+00  3.0000D+00  3.0000D+00  3.0000D+00  3.0000D+00
   3.0000D+00  3.0000D+00  3.0000D+00  3.0000D+00  3.0000D+00  3.0000D+00
   3.0000D+00  3.0000D+00  3.0000D+00  3.0000D+00  3.0000D+00  3.0000D+00
   3.0000D+00  3.0000D+00  3.0000D+00  3.0000D+00  3.0000D+00  3.0000D+00
   3.0000D+00  3.0000D+00  3.0000D+00  3.0000D+00  3.0000D+00  3.0000D+00
   3.0000D+00  3.0000D+00  3.0000D+00  3.0000D+00  3.0000D+00  3.0000D+00
   3.0000D+00  3.0000D+00  3.0000D+00  3.0000D+00  3.0000D+00  3.0000D+00
   3.0000D+00  3.0000D+00  3.0000D+00  3.0000D+00  3.0000D+00  3.0000D+00
   3.0000D+00  3.0000D+00  3.0000D+00  3.0000D+00  3.0000D+00  3.0000D+00
   3.0000D+00  3.0000D+00  3.0000D+00  3.0000D+00  3.0000D+00  3.0000D+00
   3.0000D+00  3.0000D+00  3.0000D+00  3.0000D+00  3.0000D+00  3.0000D+00
   3.0000D+00  3.0000D+00  3.0000D+00  3.0000D+00  3.0000D+00  3.0000D+00
   3.0000D+00  3.0000D+00  3.0000D+00  3.0000D+00  3.0000D+00  3.0000D+00
   3.0000D+00  3.0000D+00  3.0000D+00  3.0000D+00  3.0000D+00  3.0000D+00
   3.0000D+00  3.0000D+00  3.0000D+00  3.0000D+00  3.0000D+00  3.0000D+00
   3.0000D+00  3.0000D+00  3.0000D+00  3.0000D+00  3.0000D+00  3.0000D+00
   3.0000D+00  3.0000D+00  3.0000D+00  3.0000D+00  3.0000D+00  3.0000D+00
   3.0000D+00  3.0000D+00  3.0000D+00  3.0000D+00
At latest iterate   f = 1.43860D+05    |proj g| = 1.03000D+02
